19 -1 -7 -61 -69 
64 -1 -7 -61 -69 
66 -76 -75 -73 -74 -77 -78 -1 -7 -61 -69 -28 -44 -63 
12 -76 -75 -73 -74 -77 -78 -1 -7 -61 -69 -28 -44 -63 
57 -76 -75 -73 -74 -77 -78 
50 -76 -75 -73 -74 -77 -78 -1 -7 -61 -69 -28 -44 -63 
35 -76 -75 -73 -74 -77 -78 -1 -7 -61 -69 -28 -44 -63 
23 -76 -75 -73 -74 -77 -78 -1 -7 -61 -69 -28 -44 -63 
25 -76 -75 -73 -74 -77 -78 -1 -7 -61 -69 -28 -44 -63 
62 -76 -75 -73 -74 -77 -78 -1 -7 -61 -69 -28 -44 -63 
52 -76 -75 -73 -74 -77 -78 -1 -7 -61 -69 -28 -44 -63 
65 -76 -75 -73 -74 -77 -78 -1 -7 -61 -69 -28 -44 -63 
36 -76 -75 -73 -74 -77 -78 -1 -7 -61 -69 -28 -44 -63 
6 -76 -75 -73 -74 -77 -78 -1 -7 -61 -69 -28 -44 -63 
40 -76 -75 -73 -74 -77 -78 -1 -7 -61 -69 -28 -44 -63 
22 -76 -75 -73 -74 -77 -78 -1 -7 -61 -69 -28 -44 -63 
18 -76 -75 -73 -74 -77 -78 -1 -7 -61 -69 -28 -44 -63 
4 -76 -75 -73 -74 -77 -78 -1 -7 -61 -69 -28 -44 -63 
15 -87 -37 -62 -54 -17 -58 -11 -40 -3 -2 -51 
49 -76 -75 -73 -74 -77 -78 -1 -7 -61 -69 -28 -44 -63 
31 -76 -75 -73 -74 -77 -78 -1 -7 -61 -69 -28 -44 -63 
27 -14 -30 -35 -46 -8 -52 -60 -42 -38 -21 -43 -27 -53 -19 -26 -23 -29 -50 -33 -22 -56 -25 -18 -5 -15 
5 -14 -30 -35 -46 -8 -52 -60 -42 -38 -21 -43 -27 -53 -19 -26 -23 -29 -50 -33 -22 -56 -25 -18 -5 -15 
41 -75 
45 -75 
56 -14 -30 -35 -46 -8 
54 -52 -60 -42 -38 -21 -43 -27 -53 -19 -26 -23 -29 -50 -33 -22 -56 
16 -50 -33 
8 -50 -33 
42 -52 -60 -42 -38 -21 -43 -27 -53 -19 -26 -23 -29 -50 -33 -22 -56 -25 -18 -5 
7 -52 -60 -42 -38 -21 -43 -27 -53 -19 -26 -23 -29 -50 -33 -22 -56 -25 -18 -5 
68 -52 -60 -42 -38 -21 -43 -27 -53 -19 -26 -23 -29 -50 -33 -22 -56 -25 -18 -5 
9 -75 -86 
10 -75 -86 
20 -22 
13 -1 
46 -1 
47 -25 -18 -5 
58 -15 
51 -75 
37 -1 -69 
33 -75 
53 -25 -18 -5 
17 -14 -30 -35 -46 -8 -52 -60 -42 -38 -21 -43 -27 -53 -19 -26 -23 -29 -50 -33 -22 -56 -25 -18 -5 -15 
38 -14 -30 -35 -46 -8 -52 -60 -42 -38 -21 -43 -27 -53 -19 -26 -23 -29 -50 -33 -22 -56 -25 -18 -5 -15 
59 -14 -30 -35 -46 -8 -52 -60 -42 -38 -21 -43 -27 -53 -19 -26 -23 -29 -50 -33 -22 -56 -25 -18 -5 -15 
28 -1 
61 -52 -60 -42 -38 -21 -43 -27 -53 -19 -26 -23 -29 -50 -33 -22 -56 -25 -18 -5 
29 -75 -69 -71 
60 -69 -71 
67 -76 -75 -73 -74 -77 -78 -1 -7 -61 -69 -28 -44 -63 -64 
48 -76 -75 -73 -74 -77 -78 -1 -7 -61 -69 -28 -44 -63 -64 -71 -66 
21 -71 -66 
2 -71 -66 
43 -71 -66 
14 -1 -31 -34 -64 -68 -76 -75 -73 -74 -77 -78 -7 -61 -69 -28 -44 -63 -32 -13 -45 -39 -10 -55 -48 -41 -36 
30 -1 -31 -34 
63 -64 
34 -14 -30 -35 -46 -8 -52 -60 -42 -38 -21 -43 -27 -53 -19 -26 -23 -29 -50 -33 -22 -56 -25 -18 -5 -15 -76 -75 -73 -74 -77 -78 -1 -7 -61 -69 -28 -44 -63 
24 -14 -30 -35 -46 -8 -52 -60 -42 -38 -21 -43 -27 -53 -19 -26 -23 -29 -50 -33 -22 -56 -25 -18 -5 -15 -76 -75 -73 -74 -77 -78 -1 -7 -61 -69 -28 -44 -63 
11 -68 -76 -75 -73 -74 -77 -78 -1 -7 -61 -69 -28 -44 -63 
32 -32 -13 
3 -45 -39 -10 
55 -55 -48 -41 -36 
1 -14 -30 -35 -46 -8 -52 -60 -42 -38 -21 -43 -27 -53 -19 -26 -23 -29 -50 -33 -22 -56 -25 -18 -5 -15 
26 -14 -30 -35 -46 -8 -52 -60 -42 -38 -21 -43 -27 -53 -19 -26 -23 -29 -50 -33 -22 -56 -25 -18 -5 -15 
44 -14 -30 -35 -46 -8 -52 -60 -42 -38 -21 -43 -27 -53 -19 -26 -23 -29 -50 -33 -22 -56 -25 -18 -5 -15 
39 -14 -30 -35 -46 -8 -52 -60 -42 -38 -21 -43 -27 -53 -19 -26 -23 -29 -50 -33 -22 -56 -25 -18 -5 -15 
-1 -1 
-2 -2 
-3 -3 
-4 -4 
-5 -5 
-6 -6 
-7 -7
-8 -8 
-9 -9 
-10 -10 
-11 -11 
-12 -12 
-13 -13 
-14 -14 
-15 -15 
-16 -16 
-17 -17 
-18 -18 
-19 -19 
-20 -20 
-21 -21 
-22 -22 
-23 -23 
-24 -24 
-25 -25 
-26 -26 
-27 -27 
-28 -28 
-29 -29 
-30 -30 
-31 -31 
-32 -32 
-33 -33 
-34 -34
-35 -35 
-36 -36 
-37 -37 
-38 -38 
-39 -39 
-40 -40 
-41 -41 
-42 -42 
-43 -43 
-44 -44 
-45 -45 
-46 -46 
-47 -47 
-48 -48 
-49 -49 
-50 -50 
-51 -51 
-52 -52 
-53 -53 
-54 -54 
-55 -55 
-56 -56 
-57 -57 
-58 -58 
-59 -59 
-60 -60 
-61 -61 
-62 -62 
-63 -63 
-64 -64 
-65 -65 
-66 -66 
-67 -67 
-68 -68 
-69 -69 
-70 -70 
-71 -71 
-72 -72 
-73 -73 
-74 -74 
-75 -75 
-76 -76 
-77 -77 
-78 -78 
-79 -79 
-80 -80 
-81 -81 
-82 -82 
-83 -83 
-84 -84 
-85 -85 
-86 -86 
-87 -87 
